Tom 081233 male 1988 12 21 3.23
Jack 12344 male 1999 12 12 3.1
Jane 1234 female 1991 12 23 2.34
Tom1 081233 male 1988 12 21 3.23
Jack1 12344 male 1999 12 12 3.1
Jane1 1234 female 1991 12 23 2.34
Tom2 081233 male 1988 12 21 3.23
Jack2 12344 male 1999 12 12 3.1
Jane2 1234 female 1991 12 23 2.34
Tom3 081233 male 1988 12 21 3.23
Jack3 12344 male 1999 12 12 3.1
Jane3 1234 female 1991 12 23 2.34
Tom4 081233 male 1988 12 21 3.23
Jack4 12344 male 1999 12 12 3.1
Jane4 1234 female 1991 12 23 2.34
Tom5 081233 male 1988 12 21 3.23
Jack5 12344 male 1999 12 12 3.1
Jane5 1234 female 1991 12 23 2.34
Tom6 081233 male 1988 12 21 3.23
Jack6 12344 male 1999 12 12 3.1
Jane6 1234 female 1991 12 23 2.34
Tom7 081233 male 1988 12 21 3.e 1999 12 12 3.1
Jane1 1234 female 1991 12 23 2.34
Tom2 081233 male 1988 12 21 3.23
Jack2 12344 male 1999 12 12 3.1
Jane2 1234 female 1991 12 23 2.34
Tom3 081233 male 1988 12 21 3.23
Jack3 12344 male 1999 12 12 3.1
Jane3 1234 female 1991 12 23 2.34
Tom 12 23 2.34
